472.81 184.65 61.48 2.922 -1.255 0.017
340.42 338.83 63.91 2.929 -1.227 0.046
149.77 521.79 42.65 2.952 -1.182 0.002
62.54 424.62 64.55 2.947 -1.203 0.053
-23.83 336.80 75.52 2.933 -1.197 -0.019
122.38 216.53 71.26 2.932 -1.235 -0.113
299.24 44.41 72.42 2.935 -1.181 0.021
401.01 122.37 61.95 2.918 -1.249 0.008
227.10 277.55 68.16 2.917 -1.124 -0.071
417.84 183.93 96.53 2.659 -1.122 0.773
295.71 114.52 126.88 2.976 -1.131 0.198
35.63 297.38 111.09 3.012 -1.072 -0.754
175.19 483.50 102.75 3.062 -1.234 -1.350
308.48 375.22 96.34 3.052 -1.220 -1.065
281.85 336.00 114.45 2.785 -1.246 0.455
108.38 247.91 118.55 3.008 -1.141 -0.947
151.07 226.61 105.50 2.835 -1.211 0.391
209.49 277.86 174.38 2.676 -1.017 -0.243
225.54 293.49 160.93 3.289 -1.354 0.217
121.87 299.39 82.58 3.071 -0.189 -0.942
268.54 180.82 84.48 2.247 -1.828 0.646
387.32 258.65 82.86 2.617 -2.079 0.904
245.49 428.75 66.58 3.776 0.146 -0.143
285.11 235.14 85.41 3.209 -0.248 -0.095