139.04 226.14 -32.99 3.204 0.063 0.071
167.79 336.68 -40.05 3.16 0.048 -0.049
163.42 413.52 -39.99 3.16 0.048 -0.049
-24.61 405.44 -40.02 3.16 0.048 -0.049
-170.6 413.83 -40.01 3.16 0.047 -0.049
-197.95 301.79 -40.22 3.173 -0.128 -0.046
-209.14 207.39 -40.22 3.173 -0.128 -0.046
-48.76 219.79 -40.22 3.173 -0.128 -0.046
-17.56 288.59 -40.22 3.173 -0.128 -0.046
141.94 306.93 -12.98 3.091 -0.037 0.721
168.53 397.62 -13.52 3.1 1.039 0.579
5.31 462.33 -46.15 3.59 -0.051 -0.12
-53.13 406.44 -42.06 3.425 1.198 -0.479
-182.12 325.8 -11.95 3.156 -0.18 -0.808
-25.23 318.78 -3.78 2.597 1.191 -0.784
-3.62 237.07 15.96 2.72 0.017 -0.091
