160.91 128.68 -261.87 2.933 -1.156 -0.001
-10.96 301.47 -254.37 2.889 -1.321 -0.018
23.85 364.86 -245.30 2.934 -1.283 0.071
210.35 421.61 -186.98 2.885 -1.206 0.019
339.11 310.89 -201.28 2.812 -1.295 -0.032
445.38 134.63 -199.92 2.829 -1.208 0.064
363.36 23.63 -225.85 2.888 -1.260 0.066
313.39 -43.61 -241.01 2.932 -1.144 0.061
371.20 48.85 -134.26 2.473 -1.176 0.839
438.77 153.35 -127.55 2.794 -1.388 -0.835
199.93 405.38 -172.33 2.854 -1.260 -1.200
102.23 289.50 -152.06 2.848 -1.208 0.301
200.39 148.16 -138.07 2.717 -1.123 0.479
189.71 167.74 -156.92 2.893 -1.283 -0.868
311.59 307.53 -183.20 2.572 -1.184 0.611
319.10 299.48 -154.78 2.932 -1.389 -1.035
327.96 162.64 -0.42 2.445 -1.102 0.509
300.43 201.54 7.73 2.712 -1.539 -0.843