215.49 208.82 -239.92 2.850 -1.280 -0.015
314.63 315.07 -219.10 3.000 -1.263 0.138
375.71 248.79 -218.32 2.890 -1.381 0.157
301.82 116.88 -232.61 2.929 -1.370 0.034
217.75 37.27 -247.30 2.911 -1.374 0.011
141.42 178.58 -255.23 3.002 -1.314 0.025
11.25 278.71 -248.60 2.893 -1.287 0.087
106.29 348.00 -239.94 2.943 -1.205 -0.001
258.27 389.34 -195.43 3.001 -1.187 0.018
161.01 360.28 -196.62 3.072 -1.161 -1.041
139.34 270.45 -208.93 2.984 -1.231 -0.704
89.21 309.05 -186.46 2.612 -1.397 0.544
289.41 90.34 -206.09 2.437 -1.086 0.982
360.87 234.21 -223.51 2.455 -1.333 0.984
203.15 246.92 -142.31 2.974 -1.239 -0.924
234.18 285.67 -136.36 2.723 -1.219 0.644
216.48 311.39 -182.64 2.067 -1.861 1.062
283.59 255.27 -183.94 2.960 0.082 -0.804