50.997 289.995 57.008 -2.856038 1.091969 0.046052
113.009 413.006 41.983 -2.905017 1.124077 -0.017954
223.969 475.006 38.962 -2.860104 1.144939 0.042057
320.015 358.983 38.999 -2.877979 1.166093 -0.015128
460.009 227.973 44.983 -2.875983 1.107094 -0.029963
378.018 145.962 45.01 -2.882018 1.099028 -0.034102
283.003 56.97 41 -2.898064 1.118042 -0.053092
163.998 150.992 39.998 2.895988 -1.031839 0.023051
247.987 286.001 39.997 -2.911069 1.096893 0.046056
183.006 417.979 75.961 -2.653083 1.015917 0.6449
52.988 321 71.995 -2.644063 1.103827 0.614873
446.992 201.981 75.958 2.759876 -1.023035 0.716899
299.011 59.981 83.005 2.715922 -1.041042 0.70305
326.017 345.98 84.992 -2.655007 1.024992 0.621901
173.982 1880993 67.998 2.750995 -1.054778 0.758995
203.987 394.007 170.977 -2.601055 0.995066 0.667969
298.994 144.982 153.995 2.757953 -1.076097 0.749829
230.003 263.011 188.039 -2.92593 1.074911 -0.155084