139.04 226.14 -32.99 3.204 0.063 0.071
167.79 336.68 -40.05 3.16 0.048 -0.049
163.42 413.52 -39.99 3.16 0.048 -0.049
-24.61 405.44 -40.02 3.16 0.048 -0.049
-170.6 413.83 -40.01 3.16 0.047 -0.049
-197.95 301.79 -40.22 3.173 -0.128 -0.046
-209.14 207.39 -40.22 3.173 -0.128 -0.046
-48.76 219.79 -40.22 3.173 -0.128 -0.046
-17.56 288.59 -40.22 3.173 -0.128 -0.046
153.02 299.42 6.35 3.116 -0.073 0.548
168.53 397.62 -13.64 3.1 1.039 0.579
5.31 462.33 -46.15 3.59 -0.051 -0.12
-53.13 406.44 -42.06 3.425 1.198 -0.479
-182.12 325.8 -11.95 3.156 -0.18 -0.808
-25.23 318.78 -3.78 2.597 1.191 -0.784
-3.62 237.07 15.96 2.72 0.017 -0.091
158.42 388.68 8.94 3.065 -0.01 -0.846
128.27 395.18 43.73 3.051 0.038 0.717
160.4 260.36 17.75 3.014 -0.085 -0.867
127.63 265.38 23.86 3.085 -0.063 0.667
-132.82 394.14 48.58 2.932 -0.019 -1.009
-167.52 381.6 13.35 3.077 0.104 0.434
-169.21 253.43 27.92 3.024 -0.142 -0.997
-181.15 248.58 13.26 3.117 0.038 0.323