472.81 184.65 61.48 2.922 -1.255 0.017
343.56 344.76 63.91 2.929 -1.227 0.046
149.77 521.79 42.65 2.952 -1.182 0.002
62.54 424.62 64.55 2.947 -1.203 0.053
-23.83 336.80 75.52 2.933 -1.197 -0.019
122.38 216.53 71.26 2.932 -1.235 -0.113
299.24 44.41 72.42 2.935 -1.181 0.021
401.01 122.37 61.95 2.918 -1.249 0.008
227.10 277.55 68.16 2.917 -1.124 -0.071
448.63 169.53 96.53 2.659 -1.122 0.773
273.96 71.49 91.37 2.700 -1.011 0.784
30.35 342.94 93.56 3.027 -1.180 -0.950
175.19 483.50 102.75 3.062 -1.234 -1.350
308.48 375.22 96.34 3.052 -1.220 -1.065
321.26 354.96 124.39 2.584 -1.057 1.003
108.38 247.91 118.55 3.008 -1.141 -0.947
161.54 213.17 99.18 2.735 -1.110 0.654
209.49 277.86 174.38 2.676 -1.017 -0.243
225.54 293.49 160.93 3.289 -1.354 0.217
104.13 302.52 99.34 2.927 -0.178 -1.402
268.54 180.82 84.48 2.247 -1.828 0.646
389.08 238.05 89.30 2.828 -2.353 0.275
245.49 428.75 66.58 3.776 0.146 -0.143
286.66 237.41 88.91 3.223 0.462 -0.027 